237
3022 7874 0 158 56 131
3052 7884 10 158 56 179
3052 7896 20 157 57 256
3047 7908 30 159 57 346
3047 7919 40 161 57 391
3039 7929 50 162 58 418
3033 7939 60 162 58 443
3004 7957 70 163 59 466
2960 7974 80 165 59 447
2860 7991 90 166 59 431
2693 8002 100 166 60 379
2481 7987 110 166 60 396
2221 7954 120 168 60 449
1930 7891 130 167 61 577
1618 7805 140 167 61 693
1331 7705 150 167 61 767
1115 7611 160 165 61 796
947 7536 170 164 60 785
900 7473 180 162 60 788
934 7418 190 162 60 809
1021 7387 200 161 60 823
1244 7372 210 159 59 817
1532 7407 220 158 58 824
1863 7461 230 158 58 826
2182 7528 240 160 58 814
2447 7601 250 160 58 796
2675 7681 260 161 59 762
2808 7765 270 161 59 754
2860 7876 280 163 59 749
2860 7964 290 165 59 725
2819 8037 300 166 59 696
2741 8055 310 168 59 666
2637 8013 320 168 59 619
2490 7932 330 168 59 564
2334 7828 340 168 59 567
2173 7716 350 168 59 586
2023 7598 360 168 59 595
1911 7497 370 168 59 585
1825 7430 380 166 59 588
1776 7387 390 166 59 597
1732 7369 400 166 59 622
1727 7376 410 165 59 619
1747 7400 420 165 59 624
1816 7486 430 165 59 622
1903 7603 440 165 59 588
2003 7741 450 165 59 474
2094 7982 460 165 59 423
2165 8248 470 165 59 425
2223 8532 480 165 59 443
2255 8663 490 165 59 430
2266 8698 500 165 59 422
2266 8668 510 165 59 449
2234 8584 520 165 58 478
2205 8443 530 165 58 543
2174 8264 540 165 58 611
2133 8054 550 165 58 652
2121 7838 560 165 58 663
2128 7687 570 165 58 666
2187 7582 580 165 58 673
2251 7501 590 165 59 670
2306 7443 600 163 59 667
2354 7400 610 163 59 655
2372 7389 620 163 59 655
2356 7397 630 161 59 610
2317 7419 640 161 59 589
2213 7466 650 161 59 515
2042 7512 660 163 59 468
1826 7533 670 163 59 456
1590 7539 680 163 59 496
1353 7508 690 163 59 581
1116 7461 700 163 59 649
926 7404 710 163 59 670
854 7378 720 161 59 673
861 7370 730 161 59 691
934 7375 740 161 59 690
1130 7419 750 160 58 690
1408 7482 760 160 58 699
1747 7558 770 160 58 694
2106 7611 780 161 59 696
2477 7660 790 161 59 696
2830 7694 800 163 59 667
3081 7720 810 163 59 628
3263 7732 820 163 59 562
3340 7741 830 163 59 477
3347 7741 840 163 59 24
3347 7741 850 163 59 0
3213 7746 860 163 59 0
3107 7751 870 164 58 0
2993 7759 880 164 58 0
2902 7759 890 162 58 0
2810 7754 900 163 57 0
2717 7747 910 162 56 0
2644 7739 920 163 55 0
2564 7731 930 163 54 0
2479 7725 940 164 53 0
2399 7720 950 164 53 0
2320 7711 960 164 53 0
2274 7702 970 164 52 0
2248 7702 980 164 53 0
2248 7702 990 164 53 0
2261 7724 1000 164 53 0
2284 7746 1010 163 54 0
2301 7771 1020 162 54 0
2310 7796 1030 161 55 0
2310 7819 1040 160 54 0
2310 7835 1050 159 55 0
2316 7848 1060 159 55 0
2316 7858 1070 159 55 0
2323 7868 1080 158 56 0
2334 7875 1090 158 56 0
2334 7875 1100 158 56 172
2334 7875 1110 157 57 267
2334 7875 1120 157 57 394
2345 7839 1130 157 58 546
2328 7784 1140 157 58 637
2313 7725 1150 157 58 693
2300 7663 1160 156 59 724
2306 7620 1170 156 59 727
2324 7585 1180 156 59 720
2359 7574 1190 156 59 708
2394 7574 1200 156 59 700
2428 7596 1210 156 59 661
2455 7632 1220 156 59 627
2479 7679 1230 156 59 611
2494 7724 1240 157 59 611
2500 7768 1250 157 59 620
2500 7809 1260 157 59 640
2500 7821 1270 158 58 662
2494 7815 1280 158 58 688
2488 7791 1290 158 58 705
2478 7757 1300 158 58 707
2478 7717 1310 158 58 699
2478 7680 1320 158 58 605
2498 7655 1330 158 58 287
2498 7655 1340 158 58 0
2550 7644 1350 158 58 0
2571 7670 1360 160 58 0
2584 7711 1370 160 58 0
2591 7758 1380 160 58 0
2591 7810 1390 161 59 0
2591 7866 1400 161 59 0
2591 7866 1410 162 58 312
2566 7956 1420 162 58 317
2566 7974 1430 162 58 330
2566 7974 1440 161 59 307
2577 7962 1450 161 59 95
2577 7962 1460 161 59 0
2653 7903 1470 161 59 0
2687 7867 1480 160 58 0
2722 7833 1490 160 58 0
2749 7803 1500 160 58 0
2770 7776 1510 160 58 0
2782 7764 1520 160 58 0
2782 7764 1530 161 57 101
2782 7764 1540 161 57 186
2782 7764 1550 161 57 297
2806 7809 1560 161 57 413
2796 7832 1570 161 57 471
2778 7847 1580 161 57 509
2750 7858 1590 161 57 592
2709 7849 1600 161 57 634
2659 7829 1610 161 57 702
2610 7785 1620 161 57 725
2585 7744 1630 161 57 727
2576 7704 1640 161 57 740
2594 7667 1650 158 58 739
2635 7646 1660 158 58 745
2691 7637 1670 158 58 748
2735 7642 1680 158 58 731
2768 7664 1690 158 58 721
2794 7698 1700 158 58 699
2808 7731 1710 160 58 676
2808 7765 1720 160 58 673
2808 7795 1730 160 58 666
2808 7814 1740 160 58 675
2808 7814 1750 161 59 691
2801 7801 1760 161 59 710
2801 7773 1770 161 59 716
2812 7748 1780 161 59 719
2834 7724 1790 161 59 721
2864 7704 1800 161 59 721
2899 7698 1810 161 59 708
2936 7698 1820 161 59 697
2973 7719 1830 161 59 670
2997 7743 1840 160 58 661
3012 7772 1850 160 58 636
3012 7791 1860 160 58 642
3000 7803 1870 160 58 642
2980 7803 1880 160 58 647
2960 7795 1890 160 58 662
2942 7767 1900 160 58 675
2930 7727 1910 160 58 693
2930 7684 1920 160 58 724
2937 7633 1930 160 58 733
2958 7577 1940 161 57 728
2970 7525 1950 161 57 740
2975 7478 1960 161 57 755
2975 7449 1970 161 57 767
2975 7431 1980 161 57 800
2942 7413 1990 161 57 821
2896 7406 2000 162 58 852
2850 7406 2010 162 58 866
2805 7425 2020 162 58 860
2761 7447 2030 162 58 826
2740 7473 2040 162 58 714
2740 7503 2050 162 58 423
2740 7503 2060 162 58 0
2807 7564 2070 161 57 0
2855 7596 2080 161 57 0
2903 7625 2090 159 57 0
2950 7654 2100 159 57 0
2991 7690 2110 159 57 0
3028 7730 2120 157 57 0
3069 7758 2130 157 57 0
3069 7758 2140 158 56 465
3120 7770 2150 157 57 544
3125 7770 2160 157 57 699
3125 7759 2170 157 57 793
3125 7736 2180 157 57 818
3118 7703 2190 158 58 860
3105 7664 2200 158 58 863
3105 7628 2210 158 58 849
3110 7607 2220 158 58 784
3121 7594 2230 158 58 724
3134 7589 2240 158 58 616
3162 7604 2250 158 58 570
3200 7633 2260 159 57 565
3221 7667 2270 157 57 569
3241 7702 2280 157 57 647
3259 7739 2290 157 57 746
3259 7739 2300 157 58 826
3259 7739 2310 157 58 855
3253 7732 2320 157 58 891
3253 7709 2330 157 58 903
3253 7678 2340 157 58 899
3264 7648 2350 157 58 830
3278 7625 2360 157 58 585
