304
1274 7801 0 158 56 146
1313 7812 10 158 56 228
1318 7826 20 158 56 359
1324 7835 30 158 56 488
1324 7844 40 158 56 563
1317 7850 50 158 56 619
1311 7850 60 158 56 637
1292 7843 70 157 56 653
1265 7815 80 157 56 668
1213 7773 90 157 56 673
1157 7701 100 155 55 682
1097 7616 110 155 55 691
1054 7522 120 155 55 694
1035 7436 130 155 55 693
1035 7386 140 155 55 687
1056 7361 150 154 55 688
1108 7356 160 154 55 696
1179 7385 170 154 55 696
1249 7438 180 154 55 690
1303 7512 190 154 55 716
1347 7583 200 154 55 727
1360 7649 210 154 55 736
1360 7698 220 153 56 740
1348 7736 230 153 56 740
1331 7751 240 153 56 720
1296 7740 250 154 56 716
1249 7711 260 154 56 697
1192 7662 270 154 56 685
1144 7599 280 154 56 666
1117 7526 290 154 56 671
1100 7449 300 154 56 670
1100 7403 310 154 56 670
1124 7379 320 154 56 667
1158 7379 330 153 56 691
1227 7423 340 154 55 696
1294 7492 350 154 55 691
1360 7573 360 154 55 728
1416 7657 370 154 55 758
1458 7743 380 155 55 757
1491 7836 390 155 55 765
1502 7923 400 155 55 765
1502 8006 410 157 56 787
1502 8018 420 157 56 787
1497 8011 430 158 56 787
1478 7991 440 158 56 788
1449 7913 450 158 56 788
1386 7801 460 158 56 796
1317 7667 470 158 56 793
1245 7510 480 158 56 783
1182 7388 490 157 56 800
1142 7289 500 157 56 805
1118 7256 510 157 56 787
1118 7242 520 155 55 748
1125 7242 530 155 55 577
1138 7261 540 155 55 213
1138 7261 550 154 55 0
1218 7383 560 154 55 0
1244 7430 570 155 55 0
1273 7474 580 155 55 0
1307 7502 590 155 55 0
1347 7522 600 157 56 0
1388 7537 610 157 56 0
1388 7537 620 157 56 214
1452 7561 630 158 56 312
1467 7567 640 158 56 465
1467 7567 650 158 56 589
1467 7567 660 158 56 605
1467 7554 670 158 56 641
1441 7516 680 157 57 687
1412 7462 690 157 57 717
1379 7402 700 157 57 728
1362 7360 710 157 57 728
1362 7329 720 157 56 697
1374 7318 730 157 56 594
1391 7328 740 157 56 144
1391 7328 750 155 55 0
1477 7411 760 157 56 0
1501 7472 770 157 56 0
1518 7534 780 158 56 0
1530 7577 790 159 55 0
1537 7617 800 160 55 0
1537 7640 810 162 56 0
1537 7640 820 161 57 274
1511 7660 830 163 57 393
1499 7666 840 163 57 442
1488 7666 850 163 57 473
1488 7666 860 163 57 466
1488 7666 870 161 57 386
1494 7654 880 161 57 173
1494 7654 890 161 57 0
1518 7621 900 159 57 0
1542 7603 910 159 57 0
1572 7587 920 161 57 0
1606 7572 930 161 57 0
1638 7562 940 161 57 0
1638 7562 950 162 58 68
1676 7562 960 164 57 214
1676 7562 970 164 57 394
1676 7570 980 166 57 518
1671 7576 990 166 57 634
1662 7576 1000 166 57 693
1649 7584 1010 166 57 760
1633 7584 1020 166 57 815
1611 7576 1030 166 57 817
1585 7562 1040 166 57 830
1555 7530 1050 164 57 833
1536 7488 1060 164 57 836
1523 7450 1070 163 57 818
1523 7426 1080 161 57 799
1540 7411 1090 161 57 791
1569 7411 1100 161 57 783
1604 7422 1110 160 55 793
1644 7449 1120 162 56 790
1679 7483 1130 162 56 788
1704 7518 1140 163 56 790
1723 7553 1150 165 56 791
1738 7571 1160 165 56 794
1738 7582 1170 166 56 794
1738 7582 1180 168 56 794
1724 7568 1190 169 57 796
1701 7535 1200 169 57 794
1669 7487 1210 169 57 790
1653 7445 1220 169 57 788
1653 7419 1230 168 56 790
1671 7403 1240 168 56 794
1703 7403 1250 168 56 794
1747 7421 1260 166 56 785
1800 7457 1270 168 56 770
1840 7496 1280 168 56 762
1867 7533 1290 168 56 767
1885 7567 1300 169 57 765
1885 7593 1310 169 57 770
1885 7611 1320 171 57 776
1885 7611 1330 172 57 773
1885 7611 1340 172 57 768
1860 7600 1350 172 57 767
1846 7571 1360 172 57 762
1839 7533 1370 172 57 767
1839 7495 1380 172 57 763
1839 7472 1390 172 57 768
1860 7460 1400 172 57 768
1897 7460 1410 172 57 760
1942 7472 1420 172 57 725
1987 7494 1430 172 57 656
2033 7519 1440 172 57 611
2061 7547 1450 172 57 594
2079 7577 1460 171 57 591
2079 7603 1470 171 57 606
2074 7629 1480 171 57 628
2066 7637 1490 171 57 638
2051 7637 1500 171 57 642
2034 7621 1510 171 57 644
2016 7593 1520 171 57 647
2004 7555 1530 171 57 644
1997 7516 1540 171 57 659
1997 7478 1550 171 57 664
2013 7456 1560 171 57 669
2044 7443 1570 171 57 667
2088 7443 1580 169 57 655
2152 7461 1590 169 57 625
2217 7492 1600 169 57 584
2283 7525 1610 169 57 570
2320 7557 1620 168 56 546
2340 7586 1630 168 56 536
2340 7608 1640 169 57 543
2331 7623 1650 169 57 569
2309 7630 1660 169 57 592
2272 7618 1670 169 57 620
2237 7594 1680 169 57 639
2206 7562 1690 169 57 661
2183 7529 1700 169 57 670
2169 7495 1710 169 57 685
2180 7477 1720 169 57 697
2206 7467 1730 169 57 702
2245 7473 1740 168 56 700
2293 7485 1750 168 56 699
2346 7500 1760 168 56 609
2371 7514 1770 168 56 292
2371 7514 1780 168 55 0
2383 7539 1790 168 55 0
2383 7551 1800 170 56 0
2399 7566 1810 170 56 0
2434 7576 1820 170 56 0
2481 7576 1830 171 56 0
2532 7576 1840 171 56 0
2583 7564 1850 173 55 0
2583 7564 1860 173 55 377
2657 7556 1870 173 55 488
2692 7577 1880 173 55 703
2744 7606 1890 173 56 790
2807 7642 1900 173 56 830
2866 7682 1910 173 56 887
2919 7730 1920 173 56 912
2967 7798 1930 173 56 927
3005 7880 1940 173 56 930
3039 7992 1950 174 56 935
3070 8107 1960 174 56 938
3097 8224 1970 174 56 944
3105 8279 1980 176 55 951
3105 8299 1990 176 55 945
3105 8299 2000 176 54 941
3084 8277 2010 177 54 935
3054 8206 2020 177 54 932
2990 8101 2030 177 54 930
2891 7913 2040 177 54 927
2769 7687 2050 177 54 926
2603 7435 2060 177 55 930
2508 7244 2070 176 55 930
2460 7148 2080 174 55 932
2460 7116 2090 173 56 935
2491 7116 2100 171 56 929
2551 7181 2110 169 57 908
2672 7286 2120 168 56 882
2777 7412 2130 168 56 864
2872 7564 2140 168 56 854
2962 7733 2150 168 56 861
3034 7854 2160 168 56 860
3095 7934 2170 170 56 858
3122 7988 2180 171 56 854
3128 8001 2190 173 56 825
3120 7979 2200 173 55 817
3082 7933 2210 173 55 832
3023 7852 2220 173 55 827
2951 7761 2230 173 55 832
2883 7664 2240 174 56 819
2853 7580 2250 174 56 828
2853 7533 2260 174 56 833
2868 7511 2270 174 56 818
2921 7511 2280 173 56 776
2997 7535 2290 173 56 696
3075 7578 2300 173 56 661
3132 7620 2310 171 56 628
3176 7662 2320 171 56 616
3187 7685 2330 171 56 602
3173 7696 2340 171 56 605
3142 7690 2350 171 56 630
3095 7659 2360 171 56 673
3050 7612 2370 171 56 705
3021 7561 2380 171 56 719
3003 7509 2390 171 56 725
3003 7481 2400 171 56 733
3030 7470 2410 171 56 721
3065 7475 2420 171 56 669
3120 7500 2430 171 56 602
3176 7538 2440 171 56 554
3230 7568 2450 171 56 507
3266 7596 2460 171 55 465
3292 7619 2470 171 55 440
3301 7619 2480 171 55 430
3290 7607 2490 171 55 443
3265 7588 2500 171 55 473
3229 7567 2510 171 55 540
3194 7540 2520 171 55 589
3171 7513 2530 171 55 619
3155 7495 2540 171 55 637
3155 7484 2550 171 55 670
3173 7478 2560 171 55 691
3209 7478 2570 171 55 696
3266 7483 2580 171 55 700
3339 7493 2590 171 55 705
3422 7501 2600 171 55 710
3506 7508 2610 171 55 714
3591 7515 2620 171 55 733
3676 7529 2630 173 55 730
3748 7549 2640 173 55 760
3812 7581 2650 174 55 796
3857 7627 2660 176 55 858
3865 7682 2670 177 55 861
3847 7745 2680 179 55 879
3765 7808 2690 179 55 905
3625 7847 2700 180 55 894
3447 7870 2710 180 55 908
3173 7887 2720 180 55 873
2830 7880 2730 180 55 866
2442 7858 2740 180 54 875
2032 7804 2750 180 54 891
1650 7730 2760 179 54 932
1287 7644 2770 177 54 935
1114 7571 2780 176 55 950
1082 7512 2790 173 55 933
1145 7462 2800 171 55 938
1295 7412 2810 169 54 944
1549 7398 2820 167 54 959
1873 7409 2830 166 54 965
2229 7427 2840 166 54 973
2602 7458 2850 166 54 986
2985 7498 2860 167 54 995
3382 7514 2870 169 54 994
3666 7528 2880 170 54 994
3875 7543 2890 173 54 981
3921 7559 2900 175 54 997
3871 7568 2910 177 54 1000
3757 7581 2920 177 54 1017
3488 7597 2930 179 53 1017
3107 7597 2940 180 53 1014
2652 7572 2950 180 53 1002
2154 7539 2960 180 53 999
1661 7468 2970 179 54 1005
1170 7391 2980 177 54 999
841 7309 2990 176 54 999
712 7273 3000 173 55 950
712 7255 3010 171 55 917
802 7249 3020 170 55 788
1008 7266 3030 167 55 496
